5 3.26
6 4.43
2 3.21
OH MY~~~~342 234 ';ALSDKF;'ALSD 
0 -2.0
11 -6.42
19 -24.3
3 -9.37
6 -1.91
21 -10.92
21 -14.27
20 -23.11
15 7.92
9 -18.52
6 -9.57
8 16.51
9 -6.32
6 -4.25
22 -13.08
17 7.74
19 -13.2
9 10.98
0 -37.18
15 12.2
21 -21.71
1 54.82
0 51.73
8 -14.73
2 4.3
1 -9.71
2 4.64
!!!>><<<>><<>

BLANK LINES ALL OVER PLACE 

[[15 \\\|||||+_+*&&*^&^*^$#$^&\ -18.53??///

КИРИЛИЧНО??
2 -15.82
13 9.2
7 3.42
23 -11.2
1 9.14
11 12.21
8 -7.18
0 12.7
6 11.48
9 -13.29
18 2.93
4 -1.72
6 50.56
16 1.42
7 14.78
13 -22.77
2 21.05
22 5.86
6 14.09
19 9.25
9 7.59
1238128039821
15 -15.0